2,0,16
2,0,90
1,0,136
1,0,480
2,0,529
2,0,657
2,0,695
2,1,158
2,3,112
2,3,563
2,3,610
1,4,46
1,4,310
1,4,351
1,5,203
1,5,751
2,6,61
2,6,495
1,6,582
2,6,736
1,7,225
2,7,636
1,7,768
1,9,0
2,9,292
1,9,373
2,11,180
2,12,76
2,12,363
2,12,470
1,13,233
1,13,342
2,13,713
1,13,792
1,14,214
1,14,685
2,15,246
1,16,332
1,16,456
1,16,772
2,17,128
2,17,396
1,17,555
1,18,42
1,19,265
2,19,523
1,19,669
2,20,159
1,22,315
2,22,724
1,23,58
2,23,196
1,23,375
1,24,91
2,24,101
2,24,453
2,24,488
1,24,748
1,25,32
2,25,233
2,25,541
1,25,609
1,26,700
2,27,180
2,27,216
2,27,365
1,27,795
1,28,25
2,28,292
2,28,328
2,28,688
1,29,415
2,29,583
1,30,624
2,31,771
1,32,44
1,32,636
2,34,441
2,34,651
2,35,66
1,35,83
1,35,115
1,35,274
2,35,292
1,36,149
2,36,162
2,36,338
1,37,256
2,37,374
2,37,748
1,38,318
1,38,602
2,39,37
2,39,396
2,39,667
1,39,795
2,40,100
2,40,410
2,40,509
2,41,142
2,41,230
1,41,307
1,42,428
2,42,769
1,43,704
2,44,190
1,45,566
2,46,353
1,46,631
2,47,251
1,48,206
2,48,747
1,49,726
2,49,794
1,50,679
1,52,475
2,52,579
1,52,603
1,53,81
1,53,326
2,53,503
2,54,10
1,55,23
2,55,388
2,56,163
2,56,613
2,56,648
2,56,702
2,57,103
2,57,119
2,57,365
1,57,425
2,57,537
1,58,523
2,58,677
1,59,276
1,59,718
1,60,223
1,60,230
1,61,755
2,62,448
1,62,629
2,64,310
2,64,472
1,64,723
1,65,51
1,65,298
2,66,204
1,66,407
1,66,712
2,68,257
2,68,346
2,68,580
1,70,19
2,70,549
1,70,742
1,70,765
1,71,80
2,71,277
2,71,668
2,72,12
2,72,454
1,72,531
2,72,598
2,73,383
1,73,614
2,74,106
2,74,787
2,75,429
2,76,196
1,76,225
2,77,58
1,77,142
2,77,637
2,78,126
2,78,172
1,78,652
2,79,569
1,79,776
1,80,40
2,80,333
2,80,715
1,81,296
1,82,353
1,82,498
2,82,582
2,83,94
2,84,737
1,85,393
2,85,690
2,87,64
1,87,193
2,87,248
2,87,370
2,87,450
1,87,543
2,87,607
2,88,210
1,88,414
1,88,657
2,89,134
2,89,642
2,89,669
2,89,789
2,90,0
2,90,549
1,92,315
1,92,765
2,93,524
1,94,110
1,94,275
1,95,36
1,95,73
2,95,259
1,95,538
2,98,17
2,98,284
2,98,469
1,99,113
2,100,51
2,100,437
2,101,488
1,101,583
2,101,718
1,102,171
1,102,203
2,102,645
2,102,740
1,103,360
1,104,88
2,104,407
2,105,376
1,105,528
1,106,134
2,107,145
2,108,455
2,108,627
2,108,792
2,109,325
1,110,573
1,111,213
2,112,394
2,112,703
1,113,168
2,113,271
2,114,107
2,114,340
1,115,31
2,115,321
2,115,593
2,115,774
1,116,129
1,116,250
1,116,515
1,116,537
2,116,741
2,117,234
2,117,679
2,118,9
1,118,301
2,118,613
2,119,203
1,120,34
1,121,145
2,121,447
1,121,750
2,122,62
1,122,159
1,124,278
1,124,431
1,124,527
2,124,569
2,124,700
2,125,359
2,125,489
2,126,260
1,126,382
1,126,419
1,127,144
1,127,302
2,128,470
1,128,549
1,129,159
2,129,514
2,129,634
1,130,80
1,130,728
1,134,114
2,134,418
1,134,568
2,134,607
1,134,676
1,135,40
2,135,186
1,135,240
1,135,589
1,136,22
1,136,287
2,136,636
2,137,435
2,137,556
1,137,696
2,138,205
2,138,762
2,139,327
2,139,342
1,139,774
1,139,796
1,140,68
2,140,313
2,140,739
1,141,11
1,141,42
2,141,269
1,142,506
1,143,176
2,143,368
1,143,643
1,144,101
1,144,754
2,145,52
1,145,541
2,146,84
1,146,156
2,147,248
1,147,277
1,147,471
2,147,584
1,148,25
1,148,386
1,149,452
1,149,637
2,150,135
2,150,666
1,150,677
2,151,231
2,151,487
1,153,289
2,153,295
1,154,735
2,154,770
2,155,345
1,155,495
2,155,546
2,156,523
2,158,24
2,158,425
2,158,451
2,158,621
2,159,7
1,159,260
1,159,315
1,159,589
1,160,109
2,160,388
2,160,506
1,160,605
2,161,174
1,161,201
2,161,786
1,162,571
2,163,408
1,163,643
1,164,466
2,165,190
1,165,350
2,166,134
1,166,600
2,166,650
2,167,309
2,167,730
2,168,564
1,168,637
1,169,42
2,169,87
2,169,374
2,171,332
2,171,494
2,172,223
2,172,715
1,172,794
2,174,171
2,174,207
1,174,229
2,174,618
2,175,678
2,176,542
1,177,430
2,177,463
1,177,727
2,178,129
2,179,59
2,179,247
2,179,293
2,180,104
2,180,277
2,180,530
2,181,24
1,182,457
1,182,746
2,183,392
1,183,509
1,183,700
2,183,780
2,184,324
2,184,690
1,185,10
2,185,82
2,185,562
1,185,591
1,186,288
1,186,425
2,187,443
2,187,488
2,187,762
1,188,340
2,189,199
2,189,657
1,190,65
1,192,408
2,194,56
2,194,598
1,194,630
1,195,358
2,195,575
2,196,706
2,196,742
1,197,275
2,198,121
1,199,308
1,199,374
2,199,671
2,201,223
1,201,433
1,201,505
1,201,554
1,202,143
2,202,288
2,202,346
1,202,448
2,204,6
2,204,161
1,204,251
1,204,399
1,204,461
2,204,478
1,204,615
1,204,703
1,204,748
2,205,497
1,205,646
2,206,36
2,206,100
2,206,241
1,206,435
2,206,776
1,207,786
1,208,406
1,209,26
2,209,268
2,209,373
2,209,386
1,209,450
2,209,526
2,209,596
1,210,42
2,211,82
1,211,176
2,211,738
1,212,122
1,212,555
2,213,323
2,213,337
2,213,695
2,214,623
2,215,103
2,215,564
1,215,798
1,216,506
2,216,536
2,217,355
1,218,294
2,219,229
1,219,524
1,220,193
2,222,30
2,223,80
1,223,124
1,224,8
2,224,183
1,225,169
1,226,63
2,226,283
1,226,383
2,226,410
1,226,590
2,226,653
2,227,741
2,229,321
2,229,369
2,229,679
2,230,555
1,230,574
1,231,52
2,231,544
2,231,792
1,232,482
2,232,509
2,232,780
2,233,118
2,233,140
2,233,422
1,233,708
2,235,635
2,236,262
1,236,355
1,236,436
2,237,176
2,237,758
2,238,383
2,238,699
2,238,726
1,239,93
2,239,239
1,240,464
2,240,498
1,241,96
2,241,301
1,242,335
2,244,568
2,245,64
2,245,591
2,245,646
1,245,679
1,246,199
1,247,278
1,247,608
2,248,368
2,249,33
2,250,671
2,251,214
2,251,504
2,251,776
2,252,240
1,252,519
1,252,696
1,253,7
1,253,448
2,253,617
1,253,795
2,254,193
1,254,352
2,255,399
2,256,707
2,257,174
2,258,96
2,258,337
2,258,434
2,259,129
1,259,477
2,260,555
2,260,591
1,262,381
1,263,411
2,264,22
1,264,245
2,265,516
1,265,743
2,265,750
1,266,45
2,267,387
2,268,197
2,268,292
1,268,427
2,268,646
1,269,84
1,270,109
2,270,166
1,270,272
1,270,316
2,270,329
2,270,457
2,272,494
1,273,775
1,274,312
2,274,369
1,274,442
2,275,63
1,275,94
2,275,475
1,275,732
1,276,118
1,276,288
1,276,618
1,276,626
1,276,692
2,277,33
2,277,77
2,278,42
2,279,340
1,280,184
2,280,400
2,281,673
1,281,704
2,283,243
2,284,597
1,284,637
2,284,699
1,285,265
2,285,509
1,285,787
1,286,208
2,286,543
2,287,217
1,287,582
2,287,724
1,288,358
2,288,503
1,288,556
1,288,621
2,288,778
1,289,427
2,290,745
2,291,318
1,291,577
1,292,277
1,292,480
1,293,438
1,294,178
1,294,637
1,295,2
2,295,207
1,297,424
1,297,521
2,297,793
1,298,56
1,298,95
2,298,151
1,298,247
2,298,496
1,298,668
2,299,130
1,299,436
2,299,611
2,299,622
1,300,193
1,300,765
1,301,683
2,302,33
1,302,64
2,302,449
2,303,403
2,303,653
2,304,235
1,304,281
2,305,127
1,305,347
1,305,570
1,306,293
2,306,674
1,307,195
2,308,376
1,308,597
1,308,696
2,309,331
1,309,756
1,310,177
2,310,561
1,310,715
2,310,774
2,311,474
1,311,518
2,311,532
2,312,102
1,314,308
2,315,13
1,315,21
1,315,86
1,315,153
2,315,217
2,315,408
2,316,437
2,317,65
1,317,506
1,318,322
1,318,578
1,319,354
1,319,727
2,320,235
2,320,662
2,321,385
2,322,291
2,322,450
1,322,790
2,323,415
2,323,497
2,324,766
2,325,254
2,325,691
2,326,29
2,326,107
2,326,714
2,327,339
2,327,554
2,327,613
2,327,745
2,328,126
2,328,401
2,329,56
1,330,361
1,330,536
2,330,591
2,331,86
1,332,191
1,333,41
2,334,11
2,334,463
2,334,782
2,336,153
1,336,218
2,336,280
1,336,363
1,336,386
2,336,433
2,337,738
2,338,161
2,338,232
2,338,517
2,338,604
1,338,622
1,340,36
1,340,290
2,340,483
2,341,77
1,341,96
2,341,500
2,341,570
1,342,448
1,342,638
2,343,773
2,344,65
2,345,344
1,346,312
2,346,792
1,347,515
2,347,584
1,348,210
2,348,250
1,349,125
1,349,380
2,349,420
1,350,272
2,350,534
1,350,692
2,351,19
1,351,231
2,351,662
1,352,108
2,352,700
2,352,750
2,353,185
2,353,608
1,353,729
2,354,326
1,354,680
1,355,176
1,355,293
1,356,84
1,356,365
2,356,403
2,357,455
1,358,468
2,358,644
2,359,495
2,359,550
2,361,257
2,361,514
2,361,772
2,362,275
2,362,626
2,363,119
2,363,352
2,363,592
2,364,48
2,364,140
2,364,194
2,365,211
1,365,299
1,365,432
1,367,132
1,367,466
1,368,1
2,368,755
1,369,436
2,369,791
2,370,290
2,371,415
2,371,606
2,371,719
1,372,40
1,372,229
1,372,368
2,372,534
2,372,688
1,373,72
1,373,88
1,373,389
1,375,340
1,376,259
2,377,11
2,377,100
1,377,326
2,377,467
1,378,402
1,378,508
2,378,557
1,379,153
1,379,359
2,379,703
2,379,737
2,380,788
1,381,226
1,382,60
1,382,346
2,382,532
2,382,634
1,382,770
1,383,27
2,383,84
1,383,208
2,383,269
1,383,307
1,383,456
2,384,237
1,384,373
1,384,652
2,385,332
1,386,137
1,387,167
2,387,439
1,387,582
2,388,45
1,388,120
2,388,669
1,389,383
2,390,191
1,391,7
1,391,10
1,391,236
1,392,281
2,393,475
1,393,497
1,393,551
1,394,123
2,394,313
2,394,569
2,394,691
2,394,761
2,394,788
1,395,381
2,396,292
2,396,514
2,396,722
1,397,734
1,398,82
2,398,97
1,399,147
2,399,205
2,399,415
1,399,617
2,400,609
1,400,651
1,400,666
2,401,276
2,401,595
2,402,33
2,402,637
1,403,258
1,403,352
2,403,528
1,405,121
2,405,394
2,405,546
1,406,457
2,407,345
1,407,361
2,408,441
2,408,758
2,409,145
2,410,136
1,410,682
1,411,247
1,412,103
1,412,364
2,412,491
1,413,65
1,413,172
2,413,719
2,414,56
1,414,200
2,414,225
2,414,307
1,414,507
2,414,574
1,414,703
2,415,0
1,415,292
2,415,407
1,415,665
2,416,119
2,416,265
2,416,468
1,416,736
2,416,781
1,418,678
1,419,428
2,421,42
1,421,500
1,421,592
2,422,25
1,422,458
2,422,557
2,422,613
1,422,652
2,423,641
2,424,164
2,424,325
1,424,351
2,424,795
2,425,414
2,425,757
2,426,213
1,426,237
2,427,486
2,427,692
2,428,358
2,428,381
1,428,434
1,429,268
2,429,528
1,429,723
2,430,289
2,432,70
2,432,151
2,432,495
2,433,58
1,434,87
2,434,131
1,435,569
1,436,516
1,436,588
2,438,41
2,438,190
1,439,339
1,439,760
1,439,777
2,440,393
2,440,716
2,441,285
1,441,310
2,441,666
2,441,741
2,443,13
2,443,103
2,443,215
1,443,756
2,444,268
2,445,302
1,446,245
2,446,442
2,446,592
1,446,632
2,447,164
1,447,653
1,448,326
2,449,605
1,449,791
1,450,138
1,450,571
2,451,355
1,451,547
1,452,463
1,452,526
1,453,699
1,454,482
1,455,5
1,455,106
1,455,365
2,455,731
2,456,420
1,456,641
1,457,229
2,457,514
2,458,259
2,459,38
2,460,626
1,461,151
2,462,220
2,462,713
1,462,796
2,463,173
1,463,194
1,463,325
2,463,331
2,463,504
1,463,689
1,463,761
2,464,270
2,464,745
1,465,120
2,465,399
2,465,536
2,465,663
1,465,781
2,466,288
2,467,235
2,467,376
2,467,770
1,468,85
2,468,473
1,468,652
1,469,357
2,470,49
1,471,679
2,472,435
2,472,468
2,473,552
2,473,574
1,473,722
1,475,5
2,475,72
2,475,197
2,475,426
1,475,527
1,476,132
2,476,504
1,476,614
2,476,644
1,478,456
1,479,742
2,480,43
1,480,117
2,480,300
2,480,325
1,480,704
1,480,794
1,481,25
1,481,592
1,482,250
1,482,648
2,482,766
2,483,87
2,484,166
1,485,614
2,486,144
2,486,390
2,487,197
2,487,365
1,487,549
1,487,658
2,487,773
2,488,8
2,488,564
2,489,537
1,489,716
2,490,691
1,491,29
1,491,77
2,491,108
1,491,359
1,491,616
2,491,755
2,492,444
2,492,466
1,493,221
1,493,704
1,494,386
1,494,481
1,494,601
2,495,53
2,495,346
2,495,407
1,495,663
1,495,793
1,498,633
1,498,732
1,499,652
2,500,93
2,500,232
1,500,764
1,501,135
2,501,589
1,502,259
1,502,420
1,502,597
2,502,671
2,503,496
2,503,779
2,505,206
1,505,318
2,506,20
1,506,512
2,506,524
1,508,302
2,508,382
2,509,437
1,509,638
2,509,739
2,510,144
1,510,198
2,510,316
2,510,712
2,511,75
1,511,242
2,511,657
1,512,281
2,512,543
1,512,596
2,513,575
1,514,165
1,514,419
1,514,618
1,515,351
1,516,468
2,516,776
2,517,433
1,517,559
2,518,254
2,518,508
1,518,759
2,519,608
2,520,275
2,521,450
1,521,577
2,522,95
1,522,208
2,522,304
2,522,715
1,523,110
1,523,394
1,524,7
1,524,39
1,524,482
1,525,402
2,527,14
1,527,173
2,527,543
2,527,589
1,528,139
1,528,750
1,529,61
1,529,65
2,529,337
2,530,187
1,530,497
1,530,638
1,530,788
1,531,86
1,531,636
1,533,102
1,533,690
1,534,152
1,534,378
1,534,603
2,534,657
1,534,674
2,535,129
1,535,238
2,535,319
1,535,560
1,535,763
2,537,224
2,537,256
1,537,350
2,537,790
1,538,182
1,539,152
2,539,399
2,539,443
1,539,697
2,540,269
1,540,478
1,541,297
2,541,774
1,542,367
1,543,40
2,544,236
1,544,486
1,545,17
2,545,82
1,545,296
1,545,416
2,545,464
2,546,748
2,547,723
2,548,107
2,548,332
2,549,206
1,549,386
1,549,427
1,549,506
2,550,135
1,550,165
2,550,348
2,550,522
2,550,608
1,551,57
2,551,540
1,551,628
2,552,393
2,553,10
2,553,636
1,553,688
2,554,23
1,555,180
2,555,658
2,555,781
1,556,35
1,556,361
1,556,448
1,557,217
2,557,247
2,557,310
2,558,55
2,558,371
1,559,754
2,560,587
2,560,727
1,561,284
1,561,462
2,561,692
2,562,505
2,563,205
1,564,68
2,564,134
2,564,289
1,564,428
2,564,555
2,567,323
2,567,525
2,569,78
2,570,176
2,571,792
2,572,357
2,573,215
1,574,411
2,574,571
1,575,749
2,576,96
2,576,145
1,576,235
2,576,252
1,577,192
2,577,307
2,577,486
1,578,270
2,578,597
2,578,656
1,579,383
1,579,474
2,580,6
2,580,706
2,582,69
2,582,634
2,582,738
2,584,31
1,584,181
1,584,354
2,584,570
1,585,92
2,585,245
1,585,401
1,585,445
1,586,416
2,587,114
2,587,333
2,587,606
1,588,135
1,588,667
2,588,723
1,589,341
2,589,462
1,589,624
2,590,287
2,590,634
1,590,682
2,590,757
2,591,388
1,591,511
2,591,779
2,593,159
1,593,198
1,593,554
1,596,263
1,596,307
1,597,5
2,597,183
1,597,425
2,597,541
1,597,796
1,599,36
2,599,52
1,599,219
2,599,371
1,599,565
2,599,605
1,599,676
2,600,334
1,601,78
2,601,203
2,601,511
2,602,712
1,604,353
1,604,476
2,604,663
2,605,430
2,606,270
2,606,406
2,607,245
2,607,303
2,607,561
2,607,687
1,608,115
1,608,162
1,608,172
2,608,740
1,609,100
2,609,139
2,609,634
1,610,18
1,610,236
1,611,393
1,611,587
2,612,378
1,612,766
1,612,779
2,613,55
1,613,348
1,615,29
1,615,594
1,616,318
2,616,469
2,616,617
1,617,124
1,618,659
1,618,720
2,619,92
2,619,220
1,619,567
2,620,6
2,620,78
2,621,380
1,621,523
2,621,648
2,622,283
2,622,488
2,623,122
1,623,437
2,623,701
1,624,422
1,625,44
1,626,78
1,627,180
2,627,361
1,627,533
2,627,738
2,627,781
2,629,337
2,629,720
2,630,158
1,630,239
2,630,572
1,631,45
2,631,258
2,631,549
2,632,23
2,632,757
2,633,211
2,633,310
1,633,600
1,633,680
2,634,184
1,634,414
2,634,449
2,635,102
2,635,116
2,635,397
2,637,665
2,638,528
2,638,687
1,639,499
1,639,619
1,640,323
2,640,509
1,640,741
2,641,283
1,643,276
2,644,56
2,645,140
1,645,235
2,645,441
1,646,85
2,646,430
2,646,599
2,647,767
1,648,23
2,648,239
2,649,16
2,649,329
2,649,352
2,649,384
2,649,560
1,650,302
1,650,786
2,651,545
1,651,652
2,651,686
1,652,274
1,652,423
2,652,635
2,653,217
2,653,574
1,653,750
2,654,65
2,654,159
2,654,719
2,655,488
2,656,794
2,657,77
1,657,408
1,657,452
1,658,764
1,660,726
1,660,781
2,661,283
2,661,469
1,661,515
1,662,46
2,662,374
2,662,436
2,662,669
2,663,180
1,663,703
1,664,258
2,664,741
1,665,450
1,665,525
1,665,626
1,666,113
1,666,171
1,666,589
1,667,129
1,667,149
1,668,294
1,668,309
2,669,226
1,670,249
2,670,339
1,670,358
1,671,59
1,671,688
2,672,755
1,673,267
1,674,790
1,676,212
1,676,565
2,676,580
2,676,595
2,677,203
1,678,381
2,678,492
1,678,611
1,679,44
1,679,96
2,679,503
1,680,417
1,680,437
1,680,527
2,682,109
2,682,162
1,682,289
2,682,401
2,682,620
1,683,370
2,684,22
1,684,469
1,684,516
2,684,645
1,684,742
2,684,773
2,685,7
2,685,306
1,685,671
2,685,754
2,687,228
1,687,720
2,688,47
1,688,69
2,688,140
1,688,322
2,689,542
1,689,630
2,689,703
2,689,785
1,690,79
2,690,270
2,691,95
2,691,251
2,691,682
1,692,67
2,692,445
1,692,598
1,694,373
1,696,306
1,697,13
1,697,15
2,697,388
2,697,727
2,698,275
2,699,161
1,699,517
2,700,368
2,700,410
2,700,619
1,702,29
2,702,529
2,703,185
2,703,584
1,703,602
2,704,480
2,704,564
2,704,642
1,705,207
2,705,225
2,705,463
2,706,73
1,706,140
2,706,313
2,708,5
1,708,52
2,708,295
2,709,123
2,709,345
1,709,471
2,709,510
2,709,753
2,710,331
2,710,672
2,710,702
1,711,434
2,712,44
2,712,411
1,713,205
2,714,173
1,714,239
2,714,552
2,715,362
1,715,490
1,715,689
2,715,789
1,716,773
2,717,196
1,717,743
1,718,500
2,719,285
2,719,526
2,719,625
1,720,163
2,720,599
2,720,758
2,722,20
1,722,108
2,722,316
1,723,225
1,723,456
2,724,433
1,724,562
1,724,688
2,725,269
2,726,58
1,726,382
2,728,476
1,728,588
1,728,612
2,728,655
1,729,368
2,729,794
2,730,218
1,731,72
1,731,297
2,733,640
2,734,571
2,735,324
1,736,658
1,736,748
1,736,768
1,738,281
2,738,349
2,738,362
1,738,461
2,738,551
2,738,710
2,739,170
2,740,3
1,740,125
1,741,40
2,741,68
2,741,384
2,741,518
1,742,22
2,742,91
1,742,184
2,742,228
2,742,256
1,742,529
2,743,402
2,744,293
2,744,441
2,744,780
2,745,277
2,745,656
2,745,677
2,746,337
1,746,611
2,746,723
1,749,364
1,749,470
2,750,191
1,750,745
1,751,115
1,751,425
1,751,600
2,752,496
1,752,799
2,753,84
1,753,132
2,753,584
2,754,441
1,754,566
2,754,608
1,756,288
1,757,36
2,757,626
2,757,763
1,758,381
2,758,704
1,759,172
2,759,201
2,759,298
2,759,728
2,760,118
2,760,327
1,760,401
1,760,791
1,761,689
1,762,64
2,762,498
2,763,459
1,764,349
2,765,148
2,765,199
1,765,534
1,766,183
1,767,52
1,768,7
2,768,381
1,769,216
2,769,707
1,770,93
1,770,357
2,770,553
2,770,779
1,771,417
1,771,514
1,771,576
1,773,142
2,773,651
2,774,344
2,774,389
2,774,603
2,775,228
2,775,404
1,775,676
2,776,37
2,776,254
2,776,309
1,776,483
2,777,109
2,777,620
2,778,26
1,778,276
1,778,697
2,779,458
2,779,732
2,779,764
2,781,173
1,781,584
2,781,792
2,783,11
2,784,126
2,784,514
2,784,632
1,785,503
2,786,746
1,787,185
1,787,436
2,788,77
2,788,290
2,789,203
1,789,310
1,789,618
1,789,693
2,790,142
1,791,353
2,791,392
2,791,429
2,791,477
2,792,183
2,792,343
2,793,220
2,793,552
2,793,562
1,793,727
2,797,19
1,797,538
1,798,241
1,799,44
1,799,97
1,799,159
1,799,263
1,799,604
1,799,656
