1,301,628
1,152,506
1,543,152
1,358,17
1,655,642
1,392,120
1,604,668
1,41,197
1,152,734
1,280,637
1,484,531
1,757,132
1,346,780
1,461,739
1,140,22
1,101,496
1,26,190
1,503,766
1,732,268
1,179,700
1,658,683
1,774,574
1,585,759
1,91,787
1,687,539
1,683,439
1,314,177
1,559,244
1,338,519
1,617,280
1,329,49
1,117,687
1,711,411
1,422,353
1,343,588
1,469,286
1,425,723
1,2,698
1,200,701
1,12,174
1,150,47
1,473,6
1,672,690
1,119,198
1,52,245
1,570,130
1,625,80
1,333,440
1,331,516
1,185,570
1,31,64
1,576,104
1,244,587
1,514,81
1,608,103
1,147,752
1,287,498
1,536,312
1,395,99
1,549,774
1,759,290
1,291,2
1,591,455
1,59,118
1,286,549
1,270,26
1,779,384
1,546,230
1,699,559
1,132,287
1,209,372
1,575,738
1,436,35
1,56,157
1,765,689
1,266,109
1,612,567
1,393,509
1,511,145
1,160,170
1,459,541
1,78,498
1,32,149
1,661,748
1,340,68
1,166,785
1,717,123
1,663,435
1,165,497
1,470,275
1,274,109
1,261,291
1,638,314
1,434,284
1,701,13
1,356,766
1,269,775
1,595,369
1,578,565
1,236,139
1,288,579
1,40,389
1,107,488
1,617,348
1,223,103
1,380,796
1,222,63
1,325,232
1,336,227
1,67,710
1,417,295
1,139,265
1,102,115
1,544,331
1,131,434
1,203,704
1,378,266
1,396,651
1,743,97
1,350,610
1,77,562
1,290,622
1,105,150
1,787,764
1,90,787
1,562,23
1,559,583
1,380,652
1,366,760
1,780,228
1,698,583
1,545,297
1,241,256
1,21,516
1,724,163
1,491,768
1,165,510
1,47,774
1,302,56
1,686,780
1,745,172
1,717,369
1,446,295
1,45,236
1,283,497
1,346,272
1,441,342
1,335,283
1,492,361
1,489,614
1,431,365
1,156,628
1,598,190
1,358,175
1,53,614
1,398,273
1,653,433
1,373,92
1,251,350
1,448,728
1,383,311
1,570,505
1,597,390
1,738,22
1,29,621
1,322,712
1,608,176
1,164,84
1,93,318
1,754,285
1,581,609
1,611,692
1,21,460
1,651,345
1,265,162
1,368,209
1,659,703
1,667,174
1,656,213
1,582,416
1,186,428
1,321,491
1,560,735
1,716,292
1,662,428
1,194,651
1,751,626
1,179,242
1,39,672
1,428,758
1,564,550
1,194,602
1,605,298
1,626,28
1,327,445
1,476,79
1,432,64
1,722,382
1,108,318
1,329,282
1,712,195
1,717,205
1,258,352
1,395,412
1,556,19
1,431,218
1,526,61
1,501,318
1,209,6
1,428,146
1,426,458
1,357,368
1,524,513
1,484,644
1,372,526
1,221,412
1,153,253
1,502,213
1,442,161
1,744,189
1,445,791
1,304,227
1,138,568
1,500,651
1,719,456
1,162,587
1,438,108
1,244,761
1,254,394
1,388,119
1,680,287
1,313,756
1,99,73
1,790,14
1,287,746
1,639,455
1,75,113
1,631,330
1,200,52
1,492,665
1,776,307
1,236,795
1,401,412
1,506,98
1,426,685
1,418,292
1,270,442
1,694,272
1,704,677
1,789,516
1,178,774
1,187,697
1,437,71
1,777,614
1,379,27
1,61,525
1,737,389
1,27,89
1,185,455
1,33,273
1,543,468
1,644,525
1,727,14
1,349,606
1,158,484
1,673,332
1,181,727
1,295,796
1,102,87
1,404,666
1,306,621
1,427,353
1,192,324
1,765,112
1,254,221
1,527,752
1,705,228
1,21,454
1,147,316
1,19,101
1,401,785
1,444,609
1,493,790
1,36,605
1,229,112
1,69,714
1,544,485
1,368,255
1,277,38
1,766,714
1,425,209
1,650,238
1,128,421
1,328,33
1,425,765
1,401,274
1,600,679
1,76,229
1,26,458
1,238,335
1,529,87
1,742,174
1,171,486
1,152,25
1,748,86
1,698,395
1,760,154
1,528,275
1,761,534
1,348,378
1,166,311
1,235,709
1,341,623
1,4,154
1,217,526
1,383,167
1,575,220
1,244,216
1,88,59
1,572,555
1,359,272
1,767,417
1,561,756
1,601,401
1,473,130
1,223,524
1,549,424
1,701,520
1,368,631
1,153,293
1,640,444
1,620,662
1,553,361
1,289,481
1,195,713
1,701,613
1,580,300
1,428,326
1,623,180
1,585,398
1,94,106
1,659,60
1,531,16
1,214,75
1,716,487
1,750,672
1,618,476
1,603,367
1,348,108
1,262,648
1,504,745
1,162,184
1,165,650
1,274,364
1,788,546
1,258,213
1,117,240
1,652,572
1,774,613
1,33,221
1,17,792
1,261,330
1,550,517
1,10,370
1,422,237
1,399,589
1,187,440
1,442,209
1,151,50
1,702,585
1,42,429
1,186,338
1,124,144
1,153,550
1,589,554
1,629,680
1,94,606
1,547,771
1,754,299
1,573,169
1,688,46
1,606,309
1,762,334
1,414,582
1,55,585
1,698,252
1,416,712
1,595,511
1,134,628
1,713,225
1,90,609
1,791,308
1,243,364
1,467,325
1,693,630
1,101,110
1,469,295
1,389,691
1,402,142
1,119,607
1,644,438
1,351,293
1,421,787
1,79,14
1,529,753
1,537,102
1,342,75
1,131,364
1,34,323
1,225,176
1,612,115
1,756,490
1,366,125
1,433,60
1,127,301
1,785,753
1,359,86
1,369,287
1,105,14
1,266,523
1,772,105
1,298,99
1,431,485
1,465,391
1,679,567
1,147,667
1,105,700
1,127,525
1,646,390
1,381,272
1,525,577
1,585,628
1,208,331
1,512,592
1,557,135
1,647,775
1,62,725
1,67,340
1,241,33
1,779,767
1,200,221
1,665,470
1,683,435
1,472,420
1,287,262
1,340,40
1,436,57
1,517,538
1,76,453
1,265,517
1,335,123
1,57,395
1,620,723
1,621,373
1,100,370
1,425,561
1,97,789
1,353,452
1,173,791
1,621,718
1,679,169
1,656,376
1,573,192
1,105,525
1,253,429
1,41,566
1,76,179
1,743,656
1,464,652
1,96,544
1,174,204
1,268,43
1,23,371
1,37,97
1,120,342
1,57,373
1,175,548
1,6,182
1,729,637
1,92,22
1,257,509
1,128,431
1,320,30
1,328,191
1,690,628
1,780,758
1,106,56
1,608,252
1,10,75
1,95,784
1,444,98
1,532,258
1,222,190
1,477,302
1,8,106
1,702,726
1,611,299
1,267,395
1,101,455
1,467,398
1,439,760
1,724,14
1,575,364
1,428,645
1,354,410
1,263,549
1,144,661
1,460,709
1,606,18
1,600,403
1,381,709
1,80,606
1,147,300
1,62,407
1,583,640
1,387,662
1,105,583
1,465,239
1,551,180
1,10,582
1,265,84
1,36,773
1,784,187
1,538,347
1,494,55
1,89,393
1,695,255
1,232,415
1,430,480
1,587,179
1,441,20
1,314,21
1,419,499
1,652,157
1,626,218
1,22,243
1,113,571
1,530,674
1,376,229
1,462,332
1,656,274
1,467,214
1,413,777
1,137,570
1,278,312
1,682,420
1,591,640
1,417,414
1,28,690
1,742,525
1,259,598
1,474,559
1,170,465
1,128,261
1,129,447
1,145,253
1,496,472
1,550,234
1,762,208
1,385,459
1,145,492
1,769,181
1,358,183
1,221,26
1,35,295
1,438,495
1,100,254
1,309,192
1,549,354
1,254,440
1,116,389
1,693,92
1,659,742
1,727,690
1,269,59
1,784,204
1,406,545
1,795,21
1,447,396
1,535,187
1,360,502
1,359,637
1,373,283
1,588,90
1,51,501
1,616,225
1,92,649
1,683,299
1,587,135
1,42,441
1,746,74
1,612,239
1,184,110
1,229,481
1,185,745
1,630,788
1,101,255
1,210,435
1,1,691
1,674,509
1,220,8
1,141,794
1,774,726
1,557,4
1,625,536
1,14,122
1,152,242
1,215,28
1,797,345
1,70,662
1,85,169
1,130,483
1,587,252
1,494,732
1,778,408
1,777,618
1,365,491
1,506,69
1,192,359
1,683,269
1,12,244
1,25,222
1,247,370
1,334,462
1,322,220
1,643,687
1,793,618
1,306,383
1,501,139
1,90,275
1,629,648
1,736,797
1,357,456
1,249,187
1,572,653
1,449,631
1,139,367
1,284,250
1,429,42
1,82,393
1,400,389
1,727,297
1,731,474
1,379,404
1,272,427
1,645,25
1,515,663
1,510,618
1,198,360
1,441,222
1,209,783
1,344,799
1,584,487
1,644,596
1,45,416
1,79,379
1,677,267
1,650,441
1,401,613
1,737,258
1,717,237
1,534,497
1,304,36
1,254,393
1,509,542
1,75,228
1,91,547
1,373,211
1,349,413
1,205,695
1,724,558
1,649,235
1,203,30
1,86,552
1,530,304
1,274,162
1,74,342
1,228,171
1,388,326
1,480,790
1,587,703
1,552,236
1,745,529
1,501,14
1,61,425
1,549,100
1,131,266
1,386,48
1,747,513
1,64,103
1,160,394
1,484,331
1,320,696
1,70,204
1,395,283
1,413,250
1,703,576
1,530,501
1,274,689
1,672,212
1,509,589
1,460,227
1,491,549
1,149,481
1,49,747
1,396,525
1,464,753
1,11,731
1,616,98
1,646,216
1,238,67
1,22,536
1,746,584
1,692,756
1,161,295
1,639,742
1,455,361
1,163,395
1,230,363
1,337,96
1,742,263
1,769,461
1,124,416
1,451,352
1,157,138
1,406,682
1,519,770
1,376,791
1,524,332
1,332,607
1,537,319
1,469,646
1,735,653
1,25,374
1,726,524
1,627,746
1,211,798
1,754,770
1,675,231
1,779,123
1,599,34
1,637,337
1,612,56
1,36,80
1,155,3
1,241,295
1,176,226
1,563,733
1,787,696
1,68,453
1,368,297
1,316,154
1,488,563
1,573,709
1,655,357
1,284,680
1,477,4
1,69,195
1,344,16
1,103,364
1,330,748
1,498,752
1,291,738
1,166,791
1,14,495
1,626,364
1,432,218
1,591,684
1,677,99
1,72,535
1,63,224
1,682,22
1,556,603
1,652,481
1,613,371
1,688,669
1,649,66
1,628,102
1,686,500
1,708,789
1,478,7
1,400,81
1,158,403
1,369,432
1,308,700
1,282,369
1,168,713
1,655,242
1,623,114
1,197,274
1,9,233
1,318,415
1,79,168
1,493,716
1,509,491
1,103,584
1,654,302
1,687,698
1,671,201
1,429,533
1,759,146
1,578,750
1,460,663
1,432,795
1,556,303
1,171,736
1,756,325
1,475,461
1,75,720
1,681,530
1,323,707
1,202,13
1,132,763
1,647,506
1,520,7
1,477,525
1,180,65
1,649,783
1,561,217
1,600,423
1,206,448
1,689,108
1,477,88
1,443,389
1,78,549
1,149,22
1,23,362
1,619,381
1,163,260
1,236,554
1,453,590
1,52,618
1,25,415
1,591,135
1,185,54
1,493,684
1,336,425
1,751,473
1,746,396
1,204,447
1,590,108
1,662,339
1,573,220
1,27,718
1,652,224
1,350,228
1,424,215
1,13,789
1,180,166
1,717,328
1,78,180
1,721,600
1,448,597
1,146,639
1,230,78
1,244,280
1,266,413
1,97,280
1,286,497
1,743,436
1,365,647
1,518,353
1,116,709
1,576,81
1,617,29
1,625,310
1,529,591
1,605,100
1,264,174
1,258,501
1,210,41
1,0,613
1,653,602
1,51,119
1,31,104
1,382,402
1,460,501
1,91,556
1,795,80
1,166,384
1,601,796
1,256,406
1,226,574
1,329,432
1,354,400
1,259,548
1,541,262
1,559,664
1,503,262
1,4,629
1,282,395
1,364,146
1,682,787
1,6,375
1,234,538
1,203,269
1,554,141
1,168,572
1,671,59
1,658,62
1,666,277
1,71,433
1,329,343
1,491,73
1,186,329
1,344,773
1,352,427
1,466,36
1,333,363
1,622,733
1,660,767
1,295,609
1,761,381
1,732,72
1,284,206
1,273,95
1,501,385
1,328,403
1,303,436
1,256,696
1,732,351
1,473,202
1,507,212
1,649,215
1,526,444
1,273,118
1,192,449
1,592,624
1,187,397
1,224,352
1,247,653
1,579,749
1,414,270
1,33,694
1,64,230
1,154,581
1,44,662
1,271,755
1,526,208
1,303,396
1,499,233
1,276,646
1,72,569
1,31,342
1,63,632
1,691,709
1,580,117
1,641,502
1,77,791
1,165,638
1,590,340
1,589,395
1,608,375
1,385,348
1,488,542
1,179,224
1,28,729
1,712,242
1,130,62
1,628,727
1,39,515
1,517,257
1,482,13
1,543,697
1,289,538
1,48,788
1,386,81
1,212,452
1,730,368
1,771,26
1,28,324
1,10,247
1,43,633
1,93,38
1,650,426
1,404,491
1,174,325
1,587,614
1,504,600
1,711,50
1,135,237
1,570,285
1,462,511
1,137,514
1,359,190
1,229,592
1,459,106
1,8,2
1,166,571
1,688,65
1,750,256
1,761,503
1,747,448
1,468,52
1,613,691
1,210,698
1,579,602
1,323,61
1,41,425
1,172,306
1,636,442
1,653,452
1,399,755
1,765,702
1,574,248
1,628,707
1,339,501
1,423,551
1,354,468
1,451,169
1,263,388
1,589,628
1,421,307
1,545,506
1,614,348
1,219,182
1,603,329
1,246,497
1,696,268
1,124,451
1,123,514
1,618,720
1,152,493
1,521,402
1,588,74
1,751,629
1,700,604
1,17,81
1,772,546
1,365,348
1,201,36
1,495,451
1,702,272
1,654,335
1,182,592
1,771,401
1,365,718
1,209,318
1,554,782
1,84,64
1,156,287
1,92,266
1,122,753
1,510,436
1,180,398
1,750,776
1,386,305
1,345,235
1,614,270
1,177,676
1,187,480
1,98,743
1,738,515
1,390,723
1,143,341
1,772,483
1,294,633
1,796,189
1,518,72
1,60,503
1,396,80
1,502,225
1,290,731
1,70,315
1,339,388
1,795,471
1,755,122
1,85,96
1,402,457
1,354,792
1,340,363
1,262,400
1,304,597
1,6,560
1,213,626
1,240,597
1,726,469
1,188,599
1,173,81
1,412,117
1,93,284
1,336,510
1,235,741
1,638,622
1,773,512
1,725,799
1,66,742
1,491,29
1,458,749
1,6,308
1,589,198
1,621,225
1,125,442
1,197,554
1,495,383
1,663,623
1,727,610
1,239,512
1,3,225
1,86,566
1,594,719
1,700,314
1,596,166
1,549,527
1,495,90
1,468,122
1,641,274
1,490,340
1,600,659
1,376,81
1,721,317
1,463,633
1,563,213
1,591,249
1,633,240
1,763,631
1,512,239
1,46,679
1,708,552
1,680,396
1,61,542
1,161,518
1,367,687
1,60,227
1,315,518
1,473,357
1,614,685
1,284,223
1,688,157
1,490,481
1,210,541
1,677,342
1,671,220
1,104,279
1,261,24
1,777,314
1,473,678
1,85,327
1,419,665
1,735,221
1,481,422
1,294,747
1,49,605
1,547,57
1,369,715
1,690,275
1,732,768
1,782,730
1,579,67
1,672,577
1,467,767
1,701,569
1,596,209
1,317,420
1,133,159
1,89,207
1,205,505
1,44,305
1,318,532
1,566,82
1,208,703
1,733,331
1,535,601
1,185,280
1,406,138
1,728,65
1,697,309
1,592,135
1,93,140
1,689,600
1,717,705
1,797,215
1,87,443
1,586,779
1,410,721
1,323,13
1,11,112
1,136,628
1,49,16
1,105,448
1,245,563
1,774,657
1,120,564
1,472,284
1,19,363
1,714,299
1,95,674
1,467,83
1,712,172
1,292,556
1,503,710
1,661,217
1,713,505
1,156,614
1,12,683
1,79,577
1,252,589
1,347,496
1,126,252
1,355,83
1,388,528
1,541,718
1,178,218
1,67,80
1,749,80
1,331,121
1,25,158
1,543,16
1,148,132
1,602,693
1,157,235
1,260,383
1,601,5
1,283,693
1,773,411
1,391,548
1,430,25
1,203,431
1,668,168
1,172,621
1,46,584
1,773,659
1,666,292
1,59,4
1,653,788
1,289,244
1,680,493
1,145,42
1,523,173
1,408,3
1,153,251
1,291,574
1,142,66
1,281,49
1,16,101
1,329,536
1,791,472
1,763,793
1,309,693
1,172,139
1,748,3
1,738,370
1,284,184
1,449,741
1,543,104
1,605,163
1,378,604
1,184,86
1,727,591
1,581,313
1,725,565
1,499,656
1,398,316
1,347,538
1,393,281
1,465,434
1,738,184
1,279,508
1,695,46
1,152,135
1,64,364
1,265,409
1,538,136
1,352,210
1,402,691
1,631,782
1,24,96
1,435,527
1,451,424
1,271,285
1,128,185
1,58,25
1,496,583
1,733,716
1,90,241
1,297,202
1,403,531
1,63,705
1,773,574
1,239,99
1,127,385
1,511,252
1,378,504
1,4,743
1,544,87
1,88,765
1,3,602
1,84,638
1,393,13
1,326,52
1,574,214
1,761,36
1,596,612
1,618,596
1,398,767
1,752,335
1,245,728
1,423,633
1,301,236
1,476,117
1,636,303
1,369,422
1,240,121
1,421,645
1,384,232
1,759,207
1,663,728
1,4,470
1,534,788
1,17,363
1,226,798
1,579,138
1,33,413
1,379,687
1,70,477
1,733,57
1,535,767
1,649,321
1,316,210
1,702,228
1,658,779
1,738,577
1,688,742
1,17,253
1,330,158
1,704,510
1,130,574
1,172,655
1,715,362
1,86,789
1,333,396
1,747,115
1,575,525
1,241,719
1,682,739
1,70,9
1,315,577
1,378,414
1,731,612
1,271,732
1,212,551
1,650,785
1,207,275
1,310,401
1,48,755
1,270,522
1,649,424
1,637,416
1,326,379
1,64,344
1,73,191
1,82,357
1,137,678
1,679,601
1,283,720
1,754,723
1,396,281
1,514,651
1,621,698
1,7,80
1,27,188
1,792,335
1,394,724
1,411,393
1,394,210
1,20,772
1,545,235
1,459,707
1,296,437
1,792,691
1,569,692
1,735,351
1,160,775
1,370,350
1,65,344
1,290,151
1,510,518
1,570,252
1,640,58
1,104,436
1,150,371
1,139,318
1,407,310
1,141,696
1,644,323
1,130,114
1,75,788
1,159,643
1,8,360
1,703,486
1,275,27
1,726,224
1,794,730
1,401,421
1,334,571
1,227,124
1,654,409
1,379,473
1,397,381
1,339,385
1,456,626
1,763,172
1,641,211
1,19,166
1,63,258
1,299,38
1,629,696
1,309,347
1,141,199
1,162,30
1,40,407
1,65,679
1,660,184
1,643,681
1,489,550
1,503,53
1,395,766
1,400,601
1,61,720
1,128,612
1,308,667
1,136,675
1,574,251
1,437,671
1,645,231
1,460,759
1,451,5
1,700,17
1,493,48
1,558,208
1,519,762
1,354,247
1,399,737
1,270,501
1,38,295
1,417,65
1,32,393
1,328,784
1,713,11
1,250,564
1,391,84
1,185,595
1,41,380
1,723,789
1,147,176
1,142,746
1,404,615
1,218,535
1,534,148
1,784,738
1,396,270
1,769,50
1,1,203
1,293,477
1,130,601
1,55,276
1,449,699
1,289,239
1,201,710
1,438,757
1,302,799
1,201,446
1,217,503
1,52,643
1,550,458
1,722,276
1,396,553
1,718,619
1,646,15
1,676,759
1,568,573
1,12,456
1,721,502
1,630,580
1,145,56
1,599,431
1,187,77
1,388,373
1,659,45
1,668,472
1,706,41
1,218,78
1,694,14
1,372,105
1,239,544
1,317,452
1,696,722
1,752,584
1,19,58
1,225,539
1,150,58
1,636,255
1,322,232
1,730,438
1,142,768
1,50,476
1,19,132
1,303,236
1,442,447
1,494,568
1,48,228
1,335,467
1,504,379
1,246,281
1,304,790
1,427,619
1,338,167
1,696,539
1,130,695
1,431,411
1,442,270
1,715,175
1,504,520
1,36,777
1,537,337
1,639,659
1,266,494
1,454,629
1,787,749
1,578,176
1,382,137
1,28,235
1,216,266
1,670,266
1,499,596
1,337,148
1,767,558
1,744,496
1,402,615
1,150,383
1,9,377
1,139,40
1,301,521
1,283,29
1,159,495
1,770,498
1,567,584
1,92,635
1,114,348
1,357,333
1,532,155
1,394,9
1,659,578
1,344,735
1,57,794
1,694,13
1,427,489
1,768,354
1,786,174
1,31,115
1,90,216
1,283,742
1,100,476
1,62,582
1,237,637
1,526,447
1,277,326
1,310,212
1,587,238
1,369,293
1,29,722
1,414,578
1,599,75
1,799,557
1,689,400
1,23,694
1,200,748
1,269,165
1,501,239
1,379,157
1,722,533
1,467,194
1,199,288
1,311,753
1,166,597
1,629,368
1,132,767
1,155,315
1,6,712
1,497,704
1,691,701
1,136,694
1,91,263
1,411,434
1,390,634
1,141,733
1,195,226
1,639,188
1,423,211
1,264,14
1,23,297
1,260,563
1,128,573
1,601,678
1,430,377
1,17,185
1,257,7
1,554,726
1,482,774
1,701,369
1,31,290
1,435,573
1,660,573
1,347,496
1,512,468
1,789,511
1,268,245
1,514,379
1,57,531
1,60,209
1,595,467
1,419,62
1,634,780
1,532,381
1,27,606
1,47,583
1,61,716
1,253,678
1,229,283
1,464,332
1,261,130
1,682,234
1,297,403
1,73,201
1,290,356
1,66,765
1,393,320
1,434,134
1,653,140
1,380,511
1,787,732
1,157,174
1,416,505
1,745,223
1,411,261
1,245,385
1,447,657
1,450,14
1,783,77
1,710,167
1,236,482
1,177,540
1,143,471
1,695,415
1,652,23
1,505,597
1,1,536
1,509,198
1,301,687
1,292,512
1,660,81
1,18,315
1,331,497
1,701,635
1,413,752
1,58,700
1,668,186
1,606,505
1,616,740
1,639,314
1,350,656
1,616,591
1,293,490
1,252,6
1,276,622
1,116,266
1,297,792
1,81,368
1,617,0
1,377,735
1,561,752
1,62,221
1,477,318
1,362,399
1,740,291
1,227,672
1,405,134
1,413,219
1,126,157
1,96,46
1,387,737
1,322,339
1,44,97
1,419,488
1,175,540
1,92,311
1,396,495
1,721,160
1,292,548
1,44,206
1,417,681
1,196,668
1,177,781
1,392,500
1,400,83
1,57,229
1,249,623
1,649,377
1,605,371
1,0,492
1,102,256
1,508,142
1,235,796
1,399,568
1,762,205
1,608,103
1,108,325
1,424,763
1,475,457
1,232,700
1,675,44
1,60,654
1,170,736
1,737,125
1,332,63
1,334,552
1,513,579
1,540,352
1,52,329
1,420,456
1,740,318
1,315,562
1,342,463
1,635,45
1,208,748
1,307,775
1,85,351
1,14,637
1,511,198
1,62,720
1,488,405
1,313,677
1,583,255
1,83,776
1,555,22
1,469,69
1,146,770
1,684,465
1,222,404
1,173,708
1,325,589
1,411,361
1,549,547
1,247,501
1,144,262
1,270,312
1,338,216
1,749,195
1,94,451
1,599,779
1,137,428
1,686,466
1,11,285
1,322,261
1,516,351
1,516,651
1,357,756
1,199,476
1,642,119
1,603,81
1,359,50
1,652,444
1,407,56
1,232,681
1,11,501
1,189,761
1,21,713
1,354,581
1,158,452
1,358,638
1,119,127
1,172,187
1,465,225
1,419,738
1,26,362
1,511,138
1,750,337
1,513,660
1,604,309
1,717,787
1,728,477
1,106,91
1,136,739
1,86,523
1,205,495
1,264,595
1,204,395
1,680,206
1,13,212
1,444,635
1,604,706
1,755,611
1,575,474
1,331,358
1,508,313
1,633,241
1,457,413
1,188,104
1,317,509
1,753,747
1,392,293
1,85,1
1,157,452
1,711,185
1,628,278
1,682,624
1,477,25
1,711,67
1,656,13
1,666,380
1,327,9
1,382,64
1,572,249
1,735,72
1,465,798
1,29,778
1,506,516
1,463,632
1,542,208
1,775,514
1,185,285
1,92,540
1,572,235
1,212,558
1,267,459
1,647,145
1,1,556
1,293,752
1,139,203
1,89,600
1,358,253
1,348,604
1,231,562
1,405,125
1,184,769
1,722,359
1,311,540
1,459,151
1,473,371
1,780,166
1,518,502
1,399,26
1,190,440
1,2,55
1,488,43
1,217,24
1,530,195
1,349,743
1,334,44
1,356,80
1,208,520
1,615,303
1,485,780
1,454,466
1,200,461
1,83,53
1,475,55
1,650,61
1,88,715
1,325,457
1,664,623
1,162,431
1,509,430
1,220,326
1,255,36
1,199,295
1,270,169
1,15,769
1,204,248
1,608,766
1,3,768
1,324,101
1,216,122
1,679,651
1,680,582
1,797,177
1,231,773
1,668,286
1,764,61
1,788,790
1,637,161
1,247,677
1,316,83
1,83,543
1,664,229
1,172,637
1,383,188
1,66,726
1,764,7
1,720,548
1,716,552
1,752,470
1,615,629
1,350,513
1,489,221
1,70,250
1,57,326
1,386,557
1,510,165
1,193,633
1,783,436
1,181,210
1,499,793
1,138,312
1,306,278
1,451,5
1,785,521
1,679,416
1,117,534
1,57,755
1,152,352
1,0,115
1,285,667
1,677,593
1,158,541
1,539,260
1,776,710
1,30,700
1,123,364
1,93,13
1,783,312
1,396,482
1,92,657
1,797,27
1,78,51
1,336,784
1,480,35
1,522,601
1,196,602
1,367,777
1,75,617
1,533,134
1,797,11
1,104,465
1,425,348
1,442,245
1,549,202
1,591,294
1,118,1
1,335,236
1,352,708
1,2,483
1,482,75
1,14,555
1,509,445
1,558,522
1,298,409
1,643,499
1,385,100
1,310,759
1,327,598
1,214,100
1,141,325
1,96,210
1,21,89
1,147,587
1,33,360
1,537,133
1,111,620
1,145,588
1,302,491
1,743,727
1,667,760
1,186,292
1,403,103
1,243,462
1,388,433
1,790,628
1,124,615
1,234,327
1,60,502
1,775,624
1,753,277
1,485,753
1,166,558
1,495,29
1,708,39
1,113,673
1,705,591
1,37,516
1,359,196
1,364,217
1,596,306
1,78,277
1,365,685
1,50,258
1,556,534
1,281,787
1,368,135
1,549,461
1,159,571
1,609,735
1,583,484
1,77,592
1,554,748
1,229,427
1,307,680
1,345,518
1,120,701
1,794,76
1,294,441
1,536,697
1,135,244
1,23,133
1,345,640
1,715,740
1,781,606
1,630,190
1,16,343
1,232,648
1,729,370
1,682,94
1,237,93
1,208,89
1,561,466
1,84,720
1,434,695
1,765,778
1,53,353
1,107,137
1,481,458
1,506,89
1,667,447
1,687,246
1,571,354
1,94,793
1,546,138
1,523,185
1,637,19
1,35,94
1,235,732
1,461,426
1,469,716
1,362,793
1,102,495
1,582,28
1,373,85
1,391,240
1,172,206
1,667,734
1,723,479
1,463,731
1,212,563
1,43,507
1,740,6
1,333,26
1,161,770
1,340,292
1,34,624
1,163,640
1,240,117
1,26,526
1,759,34
1,600,307
1,389,379
1,604,743
1,586,288
1,445,44
1,420,736
1,60,520
1,109,642
1,182,271
1,596,283
1,775,36
1,606,424
1,308,469
1,205,272
1,202,294
1,528,788
1,333,37
1,538,367
1,415,700
1,737,123
1,63,712
1,702,368
1,713,794
1,549,296
1,525,107
1,61,106
1,121,429
1,407,606
1,349,570
1,333,585
1,210,266
1,543,413
1,70,14
1,199,604
1,661,158
1,63,263
1,464,121
1,245,729
1,37,583
1,706,341
1,411,244
1,179,104
1,545,386
1,352,14
1,331,94
1,45,430
1,716,336
1,319,21
1,594,382
1,327,562
1,263,191
1,306,129
1,412,545
1,420,594
1,370,613
1,531,795
1,743,704
1,471,668
1,436,584
1,70,454
1,678,562
1,704,387
1,628,43
1,187,754
1,166,451
1,651,553
1,44,747
1,687,40
1,390,199
1,770,399
1,174,797
1,646,680
1,745,390
1,354,556
1,7,658
1,84,414
1,612,146
1,31,589
1,272,651
1,568,793
1,757,169
1,458,267
1,623,47
1,531,560
1,175,567
1,412,407
1,798,389
1,370,145
1,49,81
1,472,551
1,730,655
1,179,301
1,314,233
1,567,523
1,181,559
1,228,315
1,274,482
1,339,788
1,688,277
1,154,774
1,714,366
1,775,384
1,444,673
1,671,574
1,263,598
1,549,688
1,307,455
1,407,387
1,449,139
1,177,336
1,559,687
1,608,437
1,495,359
1,80,120
1,696,388
1,468,775
1,608,634
1,470,744
1,210,346
1,316,666
1,104,472
1,533,61
1,776,246
1,390,267
1,758,689
1,715,434
1,299,92
1,592,31
1,285,394
1,282,238
1,67,460
1,733,269
1,230,288
1,419,577
1,703,139
1,163,109
1,344,290
1,159,392
1,200,615
1,639,549
1,340,467
1,494,751
1,455,369
1,421,402
1,145,556
1,335,611
1,59,578
1,773,650
1,696,788
1,719,490
1,701,168
1,75,255
1,47,409
1,531,238
1,594,48
1,556,694
1,741,280
1,54,426
1,41,743
1,271,79
1,793,422
1,456,620
1,689,323
1,420,25
1,466,631
1,479,746
1,145,452
1,309,198
1,427,293
1,459,643
1,537,653
1,475,531
1,278,185
1,275,387
1,503,146
1,396,572
1,770,42
1,519,394
1,235,504
1,790,284
1,736,476
1,765,216
1,758,566
1,476,192
1,663,727
1,55,110
1,142,326
1,180,616
1,401,261
1,554,317
1,565,501
1,114,301
1,30,690
1,553,343
1,107,319
1,742,611
1,352,126
1,38,229
1,736,284
1,417,402
1,690,748
1,685,143
1,439,395
1,357,548
1,378,150
1,86,87
1,576,208
1,642,85
1,190,686
1,514,759
1,81,650
1,400,732
1,760,174
1,223,539
1,474,76
1,758,326
1,400,90
1,770,787
1,369,42
1,109,339
1,607,337
1,503,386
1,241,268
1,479,616
1,174,368
1,265,739
1,360,459
1,100,522
1,16,668
1,515,385
1,18,552
1,146,80
1,751,652
1,296,193
1,763,780
1,146,344
1,460,166
1,119,131
1,124,681
1,223,681
1,477,551
1,436,389
1,400,317
1,63,678
1,432,210
1,255,103
1,648,567
1,461,781
1,381,337
1,20,181
1,625,755
1,352,176
1,410,528
1,489,396
1,192,494
1,599,388
1,129,518
1,125,261
1,439,263
1,510,200
1,522,205
1,761,305
1,361,608
1,62,223
1,674,762
1,682,743
1,99,432
1,356,530
1,515,598
1,364,131
1,525,257
1,36,346
1,4,160
1,437,291
1,453,423
1,648,509
1,752,293
1,423,122
1,738,353
1,620,422
1,538,444
1,429,490
1,658,547
1,742,656
1,774,702
1,320,432
1,723,606
1,754,425
1,388,574
1,713,76
1,242,365
1,369,188
1,143,553
1,28,159
1,424,265
1,683,312
1,184,437
1,643,102
1,102,791
1,178,532
1,66,573
1,305,568
1,60,384
1,780,694
1,639,142
1,61,307
1,706,503
1,111,410
1,660,762
1,790,307
1,480,292
1,541,149
1,179,624
1,739,355
1,131,364
1,294,175
1,640,111
1,705,727
1,689,18
1,375,294
1,535,102
1,141,605
1,774,337
1,276,240
1,183,524
1,579,219
1,487,346
1,678,111
1,568,330
1,701,516
1,596,797
1,386,538
1,786,16
1,369,72
1,475,529
1,367,55
1,296,765
1,651,712
1,623,130
1,699,408
1,105,360
1,599,59
1,512,25
1,0,653
1,250,563
1,741,409
1,647,354
1,621,736
1,678,752
1,117,314
1,372,12
1,538,217
1,477,592
1,344,419
1,480,66
1,708,337
1,89,579
1,279,497
1,517,313
1,447,649
1,49,772
1,638,261
1,586,31
1,39,771
1,108,437
1,796,725
1,143,639
1,212,337
1,294,578
1,657,283
1,375,737
1,3,523
1,87,458
1,517,147
1,588,181
1,226,291
1,214,100
1,710,140
1,515,242
1,670,596
1,759,79
1,235,147
1,379,236
1,380,208
1,138,213
1,165,619
1,110,740
1,609,669
1,666,224
1,80,707
1,714,330
1,40,755
1,563,781
1,8,155
1,358,680
1,605,713
1,46,664
1,439,150
1,621,486
1,641,182
1,695,50
1,657,72
1,490,601
1,748,396
1,748,189
1,674,611
1,382,629
1,104,46
1,258,336
1,794,148
1,199,779
1,601,273
1,57,696
1,765,452
1,410,224
1,451,444
1,754,567
1,365,455
1,42,318
1,751,290
1,774,352
1,498,775
1,755,133
1,595,515
1,450,482
1,73,19
1,89,190
1,202,500
1,621,641
1,395,45
1,232,436
1,660,258
1,652,545
1,377,738
1,300,250
1,619,121
1,20,557
1,54,530
1,737,442
1,181,27
1,78,671
1,659,634
1,3,23
1,779,115
1,600,534
1,256,32
1,317,430
1,135,339
1,190,121
1,319,86
1,783,735
1,324,450
1,135,468
1,656,473
1,332,345
1,567,291
1,789,503
1,582,270
1,177,87
1,684,368
1,201,218
1,676,378
1,425,171
1,580,357
1,321,506
1,306,151
1,739,544
1,698,720
1,158,338
1,461,155
1,519,580
1,279,286
1,247,651
1,30,687
1,248,198
1,56,603
1,123,33
1,519,783
1,532,635
1,604,351
1,292,699
1,117,767
1,736,461
1,391,337
1,15,265
1,244,576
1,369,129
1,606,55
1,481,431
1,163,23
1,493,543
1,359,142
1,779,648
1,315,354
1,67,714
1,368,142
1,105,358
1,208,769
1,684,313
1,108,88
1,432,503
1,375,39
1,24,378
1,410,219
1,633,509
1,118,16
1,556,24
1,602,411
1,509,784
1,333,86
1,214,241
1,518,316
1,285,342
1,212,478
1,502,668
1,593,750
1,769,55
1,513,509
1,491,351
1,414,781
1,779,676
1,417,475
1,94,256
1,267,427
1,623,11
1,415,65
1,369,389
1,711,54
1,193,758
1,523,297
1,414,511
1,438,105
1,608,263
1,609,203
1,764,144
1,541,660
1,473,76
1,591,507
1,82,583
1,108,530
1,536,449
1,725,110
1,787,119
1,230,383
1,103,733
1,219,738
1,442,590
1,230,49
1,316,566
1,383,57
1,771,515
1,778,464
1,50,631
1,123,380
1,205,676
1,747,379
1,164,425
1,450,296
1,204,458
1,501,131
1,42,295
1,116,606
1,429,756
1,465,373
1,368,713
1,707,523
1,265,192
1,708,470
1,545,275
1,583,383
1,93,690
1,549,24
1,122,563
1,583,96
1,407,553
1,774,276
1,523,338
1,313,717
1,472,536
1,445,272
1,140,349
1,393,795
1,610,659
1,69,786
1,112,576
1,395,147
1,672,223
1,561,54
1,430,330
1,535,439
1,362,624
1,418,136
1,711,689
1,404,514
1,552,429
1,408,139
1,784,37
1,534,395
1,556,107
1,547,131
1,99,50
1,235,352
1,549,17
1,141,421
1,347,794
1,318,774
1,55,101
1,646,245
1,528,453
1,400,570
1,177,434
1,131,589
1,742,227
1,537,605
1,384,245
1,592,623
1,374,796
1,334,80
1,162,4
1,260,181
1,399,352
1,189,10
1,693,81
1,170,672
1,709,745
1,797,156
1,266,204
1,208,490
1,487,662
1,631,547
1,110,142
1,739,726
1,111,788
1,28,647
1,549,339
1,493,141
1,62,297
1,724,105
1,12,299
1,614,242
1,118,202
1,724,427
1,394,92
1,258,392
1,249,187
1,483,796
1,230,30
1,190,425
1,325,748
1,630,532
1,183,135
1,256,793
1,429,158
1,175,292
1,760,66
1,713,0
1,605,640
1,97,116
1,456,526
1,686,492
1,684,595
1,537,376
1,562,756
1,172,62
1,608,353
1,761,294
1,251,69
1,345,446
1,425,388
1,356,25
1,797,139
1,203,739
1,278,249
1,410,531
1,118,621
1,486,462
1,703,164
1,112,250
1,524,96
1,515,435
1,323,727
1,201,646
1,407,415
1,120,780
1,195,374
1,329,89
1,414,699
1,506,79
1,636,18
1,470,360
1,466,194
1,742,461
1,544,791
1,112,234
1,513,559
1,312,7
1,31,795
1,80,101
1,70,555
1,220,297
1,308,178
1,453,569
1,416,782
1,131,731
1,508,666
1,125,484
1,82,590
1,200,101
1,657,487
1,382,223
1,372,438
1,176,202
1,639,437
1,412,726
1,231,651
1,570,411
1,29,201
1,345,164
1,562,377
1,527,90
1,492,707
1,327,421
1,571,137
1,324,760
1,307,337
1,34,673
1,35,634
1,727,597
1,481,740
1,553,590
1,601,557
1,485,656
1,236,371
1,28,797
1,212,526
1,32,488
1,436,592
1,656,541
1,518,268
1,789,752
1,143,647
1,799,429
1,634,741
1,69,298
1,334,608
1,78,102
1,468,406
1,200,594
1,119,338
1,202,42
1,166,127
1,480,435
1,425,500
1,140,553
1,601,271
1,789,553
1,547,399
1,221,294
1,441,336
1,460,623
1,417,509
1,303,348
1,373,261
1,223,81
1,431,409
1,391,3
1,493,194
1,597,429
1,774,574
1,508,660
1,69,603
1,711,640
1,352,541
1,588,154
1,491,87
1,634,341
1,520,93
1,138,775
1,525,113
1,44,788
1,696,723
1,433,352
1,492,105
1,246,699
1,674,249
1,738,346
1,96,50
1,172,376
1,691,21
1,746,63
1,753,428
1,642,741
1,192,664
1,285,427
1,95,130
1,148,23
1,483,503
1,363,513
1,293,213
1,457,638
1,587,356
1,3,702
1,164,197
1,780,796
1,255,795
1,751,629
1,56,643
1,640,757
1,306,242
1,165,422
1,750,438
1,753,743
1,435,486
1,683,526
1,278,166
1,650,302
1,623,215
1,104,623
1,230,407
1,774,645
1,729,654
1,85,296
1,312,432
1,190,324
1,579,592
1,326,294
1,444,634
1,621,124
1,240,386
1,157,737
1,311,17
1,287,510
1,520,543
1,13,63
1,41,343
1,54,170
1,275,344
1,538,179
1,683,720
1,754,286
1,600,568
1,612,411
1,494,390
1,587,325
1,795,263
1,794,424
1,65,628
1,30,372
1,82,637
1,344,98
1,184,542
1,732,568
1,313,415
1,289,539
1,703,76
1,65,477
1,769,464
1,78,280
1,490,656
1,357,519
1,484,687
1,766,93
1,650,487
1,264,171
1,620,569
1,309,133
1,707,189
1,660,440
1,740,90
1,154,552
1,276,488
1,600,4
1,285,773
1,185,54
1,360,586
1,526,15
1,429,321
1,771,144
1,2,97
1,290,558
1,94,373
1,470,659
1,379,363
1,501,526
1,422,798
1,731,213
1,471,267
1,340,239
1,395,670
1,753,364
1,163,546
1,68,547
1,183,460
1,21,250
1,158,229
1,486,648
1,423,120
1,84,196
1,221,196
1,663,781
1,548,486
1,671,593
1,731,435
1,713,311
1,323,290
1,364,1
1,584,635
1,253,613
1,550,127
1,460,744
1,526,67
1,310,766
1,238,376
1,508,281
1,784,726
1,288,249
1,153,660
1,517,417
1,302,668
1,783,145
1,119,615
1,484,330
1,323,228
1,188,786
1,793,538
1,131,144
1,752,614
1,540,258
1,694,225
1,480,700
1,346,535
1,647,238
1,401,84
1,454,35
1,620,57
1,153,529
1,738,661
1,546,165
1,516,422
1,322,578
1,498,441
1,587,385
1,480,132
1,349,257
1,462,468
1,203,706
1,736,71
1,121,746
1,685,203
1,676,107
1,325,241
1,220,295
1,645,143
1,314,64
1,158,494
1,481,759
1,492,696
1,343,155
1,692,49
1,452,268
1,609,55
1,457,175
1,751,707
1,175,232
1,251,393
1,255,236
1,337,5
1,80,630
1,215,109
1,543,328
1,155,672
1,554,633
1,291,218
1,678,8
1,726,763
1,70,263
1,477,722
1,547,628
1,529,97
1,348,242
1,97,518
1,614,782
1,689,72
1,105,205
1,758,447
1,86,139
1,390,671
1,43,358
1,696,515
1,204,234
1,564,462
1,783,505
1,399,197
1,255,344
1,536,760
1,276,614
1,237,143
1,318,402
1,717,345
1,241,422
1,791,511
1,666,46
1,707,602
1,18,670
1,667,127
1,252,798
1,178,720
1,309,554
1,40,168
1,239,183
1,27,611
1,438,667
1,261,617
1,793,350
1,64,163
1,598,782
1,682,518
1,235,676
1,210,2
1,350,183
1,279,676
1,374,43
1,773,679
1,775,576
1,692,594
1,327,621
1,682,52
1,19,403
1,38,73
1,122,323
1,253,4
1,654,767
1,639,20
1,320,102
1,23,239
1,358,665
1,55,450
1,533,398
1,145,11
1,380,773
1,485,612
1,686,614
1,77,460
1,531,641
1,494,113
1,452,460
1,319,249
1,610,164
1,83,294
1,797,546
1,423,466
1,454,138
1,650,51
1,787,176
1,205,119
1,354,233
1,655,272
1,28,236
1,162,167
1,552,35
1,794,241
1,30,209
1,88,196
1,745,363
1,732,612
1,616,656
1,791,616
1,412,663
1,112,747
1,64,442
1,621,286
1,636,217
1,48,628
1,619,221
1,661,464
1,564,60
1,371,466
1,236,321
1,717,406
1,575,257
1,458,353
1,184,330
1,380,18
1,366,722
1,140,442
1,211,786
1,560,719
1,382,342
1,773,113
1,589,738
1,671,296
1,662,491
1,153,248
1,214,262
1,717,595
1,228,793
1,462,687
1,347,749
1,310,95
1,198,347
1,88,530
1,423,0
1,124,69
1,10,395
1,692,10
1,108,105
1,269,167
1,603,518
1,251,693
1,212,366
1,226,138
1,392,761
1,421,160
1,686,705
1,662,366
1,348,337
1,387,703
1,573,313
1,308,572
1,78,134
1,231,777
1,363,264
1,204,392
1,495,6
1,326,685
1,620,78
1,522,427
1,473,612
1,155,427
1,558,348
1,140,698
1,415,49
1,472,723
1,634,412
1,42,651
1,374,468
1,719,746
1,417,667
1,420,312
1,676,749
1,236,786
1,366,549
1,754,423
1,634,686
1,112,515
1,334,536
1,382,85
1,166,790
1,146,241
1,442,131
1,263,92
1,555,655
1,211,164
1,98,38
1,669,525
1,698,94
1,429,266
1,583,729
1,472,85
1,455,105
1,92,58
1,597,796
1,232,658
1,414,40
1,696,158
1,770,461
1,152,79
1,785,29
1,557,387
1,278,705
1,343,151
1,644,741
1,466,174
1,720,773
1,675,688
1,723,312
1,581,445
1,276,462
1,641,424
1,170,230
1,333,691
1,308,120
1,431,374
1,749,231
1,741,273
1,130,358
1,409,635
1,315,390
1,481,574
1,249,201
1,777,735
1,739,704
1,644,595
1,369,799
1,604,330
1,661,408
1,383,452
1,505,257
1,586,11
1,98,412
1,790,183
1,238,785
1,91,58
1,535,14
1,370,275
1,64,711
1,369,257
1,296,37
1,504,302
1,293,133
1,387,87
1,42,138
1,708,317
1,380,259
1,760,587
1,406,398
1,636,392
1,256,341
1,52,24
1,94,489
1,746,330
1,630,488
1,652,796
1,592,458
1,410,472
1,232,481
1,224,551
1,166,5
1,109,133
1,704,271
1,783,309
1,678,759
1,491,116
1,330,108
1,296,521
1,334,774
1,789,356
1,206,95
1,473,530
1,81,784
1,555,217
1,308,29
1,175,283
1,453,302
1,157,201
1,78,11
1,182,10
1,497,103
1,46,740
1,649,655
1,125,157
1,0,351
1,744,176
1,607,393
1,98,549
1,691,644
1,334,745
1,636,694
1,415,444
1,384,464
1,129,384
1,692,442
1,153,87
1,619,228
1,20,395
1,740,163
1,577,713
1,767,117
1,498,420
1,581,243
1,126,267
1,165,42
1,564,128
1,266,49
1,607,250
1,45,726
1,526,67
1,341,741
1,755,300
1,591,31
1,426,750
1,259,28
1,185,531
1,602,564
1,240,355
1,730,316
1,413,774
1,166,780
1,659,463
1,706,363
1,98,0
1,530,715
1,610,565
1,702,516
1,704,274
1,482,761
1,175,370
1,348,191
1,529,785
1,373,713
1,200,128
1,321,240
1,798,94
1,795,44
1,696,676
1,198,288
1,155,260
1,378,356
1,253,673
1,627,9
1,30,682
1,447,573
1,83,743
1,364,302
1,276,452
1,747,300
1,533,587
1,783,404
1,303,136
1,687,370
1,657,515
1,345,15
1,757,730
1,75,529
1,28,284
1,561,636
1,201,215
1,556,332
1,229,591
1,478,793
1,155,584
1,256,368
1,425,592
1,296,640
1,33,752
1,531,748
1,565,368
1,330,407
1,275,198
1,495,616
1,302,293
1,729,651
1,411,495
1,755,197
1,204,435
1,654,420
1,654,796
1,381,672
1,702,231
1,646,278
1,540,406
1,181,174
1,280,669
1,745,554
1,688,689
1,142,186
1,617,702
1,61,705
1,49,142
1,662,799
1,780,394
1,514,379
1,357,768
1,599,513
1,201,275
1,766,192
1,216,689
1,217,596
1,653,83
1,1,700
1,113,586
1,330,92
1,209,287
1,388,441
1,299,201
1,448,350
1,297,53
1,709,302
1,19,517
1,613,94
1,687,115
1,109,648
1,621,55
1,141,176
1,178,427
1,258,241
1,70,468
1,263,327
1,93,522
1,544,742
1,84,730
1,435,90
1,42,333
1,307,648
1,303,40
1,760,496
1,641,393
1,713,492
1,683,707
1,369,514
1,97,583
1,479,648
1,515,734
1,487,323
1,395,754
1,608,384
1,485,85
1,140,101
1,222,567
1,496,535
1,673,587
1,203,248
1,243,93
1,518,440
1,95,64
1,761,608
1,31,771
1,610,246
1,107,701
1,39,83
1,555,305
1,449,285
1,345,603
1,772,360
1,723,58
1,545,21
1,463,714
1,170,184
1,612,304
1,91,364
1,105,468
1,702,463
1,75,551
1,222,361
1,520,39
1,403,295
1,133,23
1,339,281
1,51,187
1,405,117
1,178,392
1,684,250
1,78,127
1,192,766
1,301,124
1,261,244
1,703,592
1,316,286
1,501,524
1,95,74
1,476,636
1,697,375
1,664,80
1,700,724
1,266,132
1,376,531
1,433,268
1,512,313
1,454,442
1,499,465
1,706,624
1,445,301
1,70,22
1,237,494
1,69,793
1,660,68
1,27,438
1,639,743
1,261,122
1,128,566
1,285,77
1,768,227
1,404,722
1,694,142
1,107,276
1,203,154
1,164,109
1,588,599
1,191,392
1,333,110
1,269,490
1,200,251
1,33,541
1,743,127
1,667,629
1,344,280
1,687,761
1,772,35
1,86,656
1,91,257
1,220,350
1,76,377
1,375,758
1,78,603
1,61,51
1,181,430
1,132,413
1,523,437
1,710,221
1,294,507
1,499,761
1,186,285
1,683,0
1,344,22
1,254,91
1,324,36
1,712,564
1,797,601
1,348,483
1,450,360
1,331,769
1,696,598
1,737,296
1,386,770
1,553,363
1,607,171
1,727,625
1,177,171
1,436,65
1,24,612
1,566,198
1,598,634
1,451,528
1,216,383
1,337,592
1,450,605
1,80,644
1,789,132
1,784,799
1,296,778
1,761,710
1,548,200
1,692,307
1,345,637
1,666,466
1,661,178
1,122,496
1,538,265
1,439,335
1,732,748
1,436,512
1,622,85
1,379,340
1,662,719
1,42,252
1,216,510
1,479,453
1,650,211
1,595,219
1,660,164
1,687,615
1,382,106
1,186,694
1,558,54
1,573,97
1,410,346
1,778,678
1,308,516
1,756,380
1,78,389
1,781,581
1,737,175
1,340,438
1,196,355
1,212,499
1,375,540
1,734,563
1,657,438
1,149,269
1,121,590
1,32,453
1,679,379
1,599,672
1,601,248
1,137,771
1,197,630
1,121,106
1,376,694
1,217,373
1,321,26
1,306,106
1,47,508
1,772,202
1,295,669
1,39,341
1,6,313
1,254,506
1,446,190
1,106,383
1,9,615
1,769,406
1,432,38
1,564,245
1,438,710
1,85,128
1,246,211
1,443,760
1,538,122
1,132,725
1,577,221
1,378,474
1,541,295
1,17,157
1,721,743
1,542,230
1,688,469
1,690,452
1,489,146
1,212,406
1,455,164
1,183,563
1,425,648
1,409,410
1,701,75
1,198,776
1,207,253
1,61,125
1,156,8
1,124,549
1,427,608
1,318,790
1,385,226
1,567,555
1,489,764
1,194,739
1,624,495
1,395,671
1,51,98
1,776,235
1,192,68
1,127,203
1,73,283
1,268,745
1,324,663
1,686,289
1,169,635
1,707,294
1,195,308
1,272,170
1,236,710
1,708,760
1,391,765
1,748,684
1,461,793
1,521,102
1,681,23
1,537,187
1,96,33
1,86,392
1,513,638
1,255,477
1,289,315
1,446,756
1,319,669
1,92,133
1,394,442
1,33,436
1,784,586
1,632,446
1,514,198
1,670,790
1,1,640
1,78,378
1,222,79
1,473,230
1,709,437
1,730,264
1,73,447
1,697,385
1,307,283
1,429,560
1,740,74
1,212,41
1,271,299
1,205,471
1,575,633
1,524,139
1,523,719
1,389,241
1,600,263
1,43,795
1,168,140
1,418,703
1,212,28
1,202,384
1,204,8
1,113,679
1,785,620
1,469,542
1,318,455
1,18,214
1,292,223
1,594,115
1,70,58
1,39,288
1,0,490
1,353,125
1,27,328
1,612,735
1,566,529
1,448,209
1,122,737
1,208,399
1,718,760
1,472,194
1,561,587
1,583,254
1,596,762
1,519,247
1,153,637
1,560,49
1,599,164
1,69,252
1,610,424
1,673,488
1,375,366
1,114,148
1,626,42
1,124,452
1,247,306
1,506,237
1,628,285
1,593,366
1,143,503
1,676,623
1,42,310
1,141,54
1,425,419
1,239,59
1,683,51
1,692,370
1,136,328
1,664,309
1,461,148
1,174,728
1,479,647
1,624,714
1,696,545
1,478,250
1,518,780
1,151,518
1,270,320
1,133,43
1,473,544
1,218,101
1,739,786
1,590,567
1,170,725
1,111,31
1,13,733
1,177,374
1,248,614
1,646,577
1,119,266
1,739,229
1,192,595
1,22,516
1,666,358
1,553,82
1,129,421
1,561,10
1,706,275
1,410,759
1,199,339
1,253,664
1,362,283
1,646,358
1,369,623
1,209,406
1,701,589
1,463,382
1,677,104
1,11,73
1,200,570
1,525,536
1,166,180
1,141,541
1,243,635
1,179,122
1,712,283
1,63,388
1,236,370
1,697,182
1,229,515
1,265,99
1,10,472
1,175,227
1,502,773
1,362,431
1,319,474
1,184,688
1,759,793
1,17,357
1,79,65
1,350,312
1,611,172
1,578,664
1,587,720
1,340,524
1,207,176
1,71,611
1,766,375
1,175,500
1,587,65
1,630,555
1,794,484
1,576,741
1,689,671
1,638,740
1,4,182
1,616,779
1,140,14
1,25,94
1,224,590
1,260,584
1,24,751
1,480,708
1,143,774
1,211,496
1,399,381
1,437,589
1,337,480
1,139,335
1,127,477
1,708,456
1,438,519
1,413,303
1,506,772
1,68,467
1,273,315
1,328,296
1,636,722
1,411,399
1,182,675
1,690,76
1,771,623
1,781,622
1,30,99
1,669,450
1,330,549
1,11,375
1,355,681
1,542,250
1,296,93
1,205,593
1,480,394
1,349,729
1,713,471
1,779,5
1,353,589
1,642,617
1,366,467
1,0,46
1,415,345
1,249,448
1,268,336
1,294,311
1,220,83
1,230,187
1,0,14
1,685,627
1,721,228
1,409,544
1,17,687
1,276,166
1,442,716
1,698,364
1,739,322
1,122,148
1,185,321
1,779,698
1,335,403
1,203,82
1,415,105
1,792,312
1,357,641
1,195,583
1,370,122
1,269,651
1,282,66
1,103,290
1,467,277
1,709,558
1,216,629
1,186,746
1,613,80
1,18,201
1,797,564
1,481,150
1,607,371
1,627,92
1,145,322
1,475,770
1,623,567
1,197,632
1,613,100
1,773,552
1,1,494
1,38,322
1,299,452
1,266,381
1,76,222
1,254,168
1,168,603
1,762,68
1,483,197
1,206,229
1,179,509
1,229,321
1,426,759
1,390,296
1,289,210
1,465,514
1,478,161
1,259,776
1,317,231
1,649,750
1,33,80
1,144,232
1,37,59
1,678,567
1,15,345
1,557,284
1,187,588
1,187,279
1,107,213
1,326,455
1,339,86
1,202,666
1,134,555
1,247,777
1,65,537
1,330,752
1,163,13
1,610,632
1,335,386
1,586,162
1,694,64
1,736,655
1,777,261
1,532,322
1,673,248
1,490,78
1,710,288
1,412,99
1,579,792
1,747,600
1,144,51
1,14,42
1,762,757
1,441,659
1,424,558
1,727,72
1,679,157
1,713,129
1,581,75
1,754,616
1,596,260
1,763,185
1,89,614
1,285,40
1,615,286
1,590,664
1,692,322
1,751,621
1,314,372
1,131,78
1,400,518
1,306,64
1,466,763
1,32,48
1,408,361
1,521,281
1,420,431
1,542,182
1,716,43
1,279,628
1,572,595
1,75,614
1,161,504
1,697,439
1,347,211
1,26,751
1,423,612
1,642,290
1,698,273
1,251,784
1,215,528
1,101,649
1,489,52
1,691,770
1,454,259
1,467,498
1,45,401
1,683,754
1,181,469
1,733,568
1,194,445
1,450,106
1,192,561
1,101,200
1,737,220
1,494,776
1,307,611
1,437,292
1,412,764
1,155,662
1,535,86
1,583,336
1,534,592
1,379,274
1,396,126
1,363,514
1,114,171
1,211,598
1,748,799
1,683,639
1,630,78
1,282,407
1,373,749
1,698,303
1,602,355
1,21,330
1,396,200
1,683,17
1,465,117
1,375,94
1,692,71
1,288,277
1,532,330
1,516,657
1,123,636
1,441,277
1,585,351
1,193,275
1,745,776
1,678,774
1,661,492
1,359,261
1,760,349
1,587,752
1,591,640
1,168,506
1,626,121
1,667,527
1,1,693
1,634,205
1,94,487
1,716,755
1,620,283
1,20,200
1,585,730
1,348,59
1,452,612
1,346,692
1,23,334
1,395,617
1,592,55
1,120,162
1,26,377
1,574,322
1,150,678
1,415,261
1,326,408
1,776,775
1,321,297
1,341,624
1,296,667
1,262,756
1,202,141
1,213,44
1,166,219
1,487,84
1,553,253
1,56,475
1,546,446
1,236,133
1,169,350
1,120,598
1,115,458
1,775,19
1,438,53
1,560,68
1,609,118
1,660,785
1,726,283
1,781,769
1,462,730
1,720,754
1,792,203
1,406,256
1,112,114
1,290,584
1,409,172
1,453,544
1,37,796
1,495,77
1,287,340
1,430,415
1,8,643
1,455,516
1,643,322
1,721,652
1,89,69
1,450,16
1,568,68
1,85,394
1,314,322
1,335,219
1,585,641
1,745,364
1,747,281
1,401,618
1,124,14
1,414,59
1,364,275
1,421,228
1,24,682
1,519,780
1,648,284
1,290,593
1,741,640
1,629,491
1,418,798
1,379,4
1,120,38
1,7,611
1,425,697
1,548,418
1,280,288
1,140,72
1,260,713
1,436,531
1,217,102
1,167,338
1,536,478
1,287,604
1,296,181
1,778,231
1,682,409
1,96,666
1,685,760
1,332,251
1,737,40
1,348,247
1,55,393
1,52,682
1,263,706
1,28,211
1,53,21
1,204,465
1,49,360
1,690,776
1,698,29
1,171,408
1,34,639
1,243,608
1,328,662
1,251,278
1,124,482
1,2,155
1,13,0
1,155,171
1,89,668
1,213,777
1,7,660
1,719,520
1,596,162
1,622,652
1,662,113
1,726,687
1,461,45
1,373,759
1,502,347
1,420,571
1,781,507
1,83,429
1,468,234
1,188,51
1,43,160
1,627,738
1,444,326
1,604,183
1,245,683
1,394,127
1,425,685
1,650,795
1,143,231
1,568,71
1,211,531
1,228,385
1,223,235
1,557,611
1,370,718
1,222,623
1,648,213
1,488,300
1,160,780
1,115,601
1,20,231
1,225,165
1,637,324
1,671,129
1,426,691
1,750,91
1,475,570
1,588,671
1,739,442
1,189,24
1,632,404
1,419,714
1,217,537
1,470,67
1,420,497
1,416,364
1,303,373
1,495,567
1,44,31
1,450,598
1,74,585
1,333,77
1,636,568
1,359,113
1,762,381
1,706,582
1,562,368
1,788,553
1,593,341
1,710,347
1,130,80
1,743,272
1,12,332
1,211,522
1,356,319
1,672,590
1,276,696
1,714,789
1,585,655
1,578,152
1,336,222
1,719,27
1,464,475
1,787,458
1,467,689
1,124,531
1,205,145
1,573,324
1,601,39
1,647,637
1,8,161
1,241,631
1,559,449
1,384,668
1,81,431
1,485,752
1,71,638
1,624,387
1,545,725
1,309,672
1,56,708
1,39,704
1,153,580
1,666,442
1,675,59
1,576,271
1,708,410
1,534,437
1,567,430
1,725,439
1,477,793
1,702,346
1,557,502
1,20,470
1,33,256
1,715,759
1,332,280
1,688,548
1,435,777
1,31,331
1,743,91
1,160,793
1,723,191
1,188,408
1,222,122
1,474,238
1,677,495
1,391,440
1,283,268
1,362,450
1,410,33
1,6,69
1,414,106
1,468,222
1,156,605
1,623,71
1,738,529
1,228,317
1,324,437
1,309,446
1,46,763
1,164,330
1,469,576
1,381,783
1,348,79
1,98,538
1,688,516
1,366,296
1,293,424
1,403,442
1,203,155
1,246,778
1,62,304
1,371,340
1,229,377
1,111,320
1,280,118
1,604,516
1,508,569
1,382,357
1,131,302
1,750,499
1,36,506
1,644,767
1,331,745
1,557,206
1,279,94
1,634,114
1,212,126
1,230,706
1,33,682
1,404,644
1,98,402
1,746,349
1,174,252
1,565,426
1,63,645
1,560,361
1,708,288
1,345,96
1,16,342
1,792,742
1,777,142
1,471,724
1,721,176
1,24,395
1,379,537
1,497,405
1,109,718
1,383,370
1,139,761
1,471,541
1,238,390
1,113,791
1,316,334
1,647,551
1,410,121
1,794,471
1,291,360
1,753,184
1,5,58
1,755,578
1,40,315
1,475,679
1,627,153
1,253,406
1,62,371
1,513,733
1,397,600
1,518,454
1,707,320
1,543,274
1,619,29
1,210,552
1,44,372
1,470,741
1,76,40
1,379,473
1,645,592
1,57,111
1,35,38
1,302,680
1,643,235
1,162,591
1,281,515
1,116,328
1,272,468
1,699,536
1,119,539
1,610,555
1,716,282
1,626,648
1,22,745
1,663,149
1,136,756
1,28,173
1,385,783
1,142,798
1,439,569
1,530,584
1,76,655
1,310,126
1,528,638
1,696,275
1,0,140
1,797,203
1,567,68
1,612,318
1,603,36
1,462,283
1,400,308
1,731,349
1,597,718
1,643,534
1,0,477
1,467,238
1,72,22
1,154,677
1,326,36
1,94,790
1,203,291
1,174,312
1,261,190
1,627,121
1,321,613
1,603,510
1,494,368
1,125,234
1,706,130
1,346,448
1,118,452
1,657,691
1,393,233
1,437,310
1,725,196
1,42,602
1,546,7
1,409,484
1,775,703
1,757,606
1,119,334
1,335,463
1,241,752
1,408,598
1,214,273
1,418,652
1,145,733
1,537,777
1,131,612
1,662,589
1,476,46
1,682,575
1,536,219
1,301,212
1,201,577
1,576,382
1,71,307
1,629,600
1,118,399
1,559,12
1,356,772
1,732,635
1,45,106
1,600,476
1,765,733
1,485,561
1,716,513
1,302,65
1,460,193
1,585,405
1,482,615
1,407,591
1,272,514
1,784,112
1,214,558
1,438,75
1,512,639
1,613,684
1,228,590
1,310,410
1,228,423
1,764,196
1,46,185
1,187,446
1,343,765
1,57,159
1,120,278
1,328,393
1,395,186
1,294,523
1,438,184
1,181,615
1,511,717
1,91,740
1,98,171
1,621,388
1,104,330
1,720,44
1,174,673
1,410,200
1,600,4
1,414,494
1,615,125
1,765,555
1,790,569
1,529,690
1,763,320
1,536,155
1,532,63
1,733,368
1,72,352
1,727,20
1,776,621
1,554,351
1,23,669
1,318,729
1,152,769
1,360,593
1,712,419
1,224,748
1,135,194
1,160,413
1,331,720
1,726,60
1,116,792
1,95,52
1,95,248
1,544,223
1,382,325
1,703,649
1,489,161
1,516,539
1,799,225
1,138,53
1,625,434
1,327,388
1,229,373
1,71,428
1,63,671
1,334,338
1,293,325
1,295,482
1,694,138
1,492,698
1,635,659
1,352,400
1,372,416
1,373,326
1,454,549
1,353,380
1,228,86
1,268,423
1,483,560
1,458,252
1,248,519
1,192,628
1,151,130
1,617,523
1,683,416
1,343,584
1,466,180
1,717,670
1,795,293
1,585,600
1,719,557
1,294,723
1,461,322
1,86,338
1,441,720
1,444,190
1,430,166
1,213,701
1,735,549
1,609,715
1,103,789
1,382,151
1,681,383
1,403,588
1,637,263
1,333,733
1,708,526
1,98,0
1,115,165
1,763,790
1,508,206
1,296,244
1,232,280
1,228,550
1,583,95
1,143,439
1,718,496
1,624,440
1,767,143
1,259,243
1,237,175
1,234,54
1,749,662
1,198,507
1,370,232
1,499,649
1,140,363
1,753,205
1,344,507
1,592,679
1,386,336
1,186,296
1,561,653
1,695,143
1,145,508
1,20,76
1,358,695
1,706,158
1,799,652
1,146,762
1,343,419
1,425,70
1,136,307
1,188,89
1,489,570
1,108,488
1,726,271
1,421,676
1,540,325
1,580,480
1,749,344
1,534,634
1,196,356
1,98,536
1,605,541
1,247,561
1,743,3
1,212,695
1,518,352
1,9,492
1,603,187
1,33,233
1,409,498
1,244,173
1,55,539
1,119,674
1,498,661
1,123,464
1,407,337
1,446,721
1,653,346
1,20,488
1,483,426
1,424,553
1,356,402
1,141,633
1,421,380
1,230,547
1,390,727
1,533,548
1,489,172
1,791,635
1,608,233
1,292,621
1,152,386
1,378,722
1,266,434
1,590,686
1,227,184
1,680,625
1,129,642
1,469,336
1,178,685
1,392,126
1,415,150
1,501,403
1,612,162
1,796,435
1,701,207
1,473,511
1,715,202
1,460,659
1,86,686
1,781,639
1,404,211
1,694,269
1,470,532
1,101,724
1,320,72
1,162,528
1,359,44
1,434,739
1,126,384
1,706,752
1,192,340
1,114,632
1,655,389
1,372,562
1,238,467
1,679,28
1,333,132
1,186,250
1,613,133
1,520,482
1,456,232
1,550,245
1,505,678
1,521,615
1,775,307
1,477,646
1,319,503
1,122,352
1,214,571
1,160,466
1,748,728
1,212,731
1,24,698
1,292,507
1,690,791
1,112,378
1,383,277
1,513,527
1,410,715
1,16,403
1,460,633
1,607,587
1,190,77
1,724,752
1,407,542
1,597,376
1,409,276
1,417,268
1,570,294
1,531,227
1,579,493
1,347,72
1,1,751
1,232,792
1,310,308
1,483,689
1,337,18
1,750,587
1,777,556
1,278,592
1,119,706
1,280,481
1,474,132
1,470,506
1,400,517
1,489,437
1,165,21
1,635,361
1,228,634
1,383,582
1,438,87
1,756,401
1,308,773
1,346,78
1,483,370
1,638,190
1,412,463
1,310,656
1,134,643
1,216,342
1,370,286
1,402,388
1,781,699
1,357,179
1,731,586
1,205,500
1,73,142
1,343,34
1,514,82
1,370,595
1,220,340
1,443,716
1,518,755
1,249,776
1,539,40
1,133,82
1,6,581
1,187,533
1,537,464
1,78,776
1,787,178
1,285,704
1,3,136
1,153,732
1,397,664
1,220,698
1,773,379
1,737,219
1,362,201
1,387,208
1,3,164
1,312,713
1,797,397
1,390,287
1,656,557
1,278,40
1,288,549
1,109,265
1,458,402
1,644,668
1,518,712
1,714,171
1,616,461
1,95,113
1,279,693
1,364,41
1,422,455
1,644,60
1,760,436
1,319,153
1,621,81
1,252,645
1,361,509
1,128,380
1,388,53
1,786,473
1,613,298
1,486,717
1,151,277
1,309,324
1,304,628
1,560,448
1,51,676
1,183,487
1,696,245
1,762,125
1,45,740
1,752,470
1,502,763
1,166,350
1,468,468
1,718,775
1,502,410
1,209,23
1,712,480
1,421,322
1,543,795
1,3,86
1,771,597
1,167,505
1,393,383
1,494,633
1,396,715
1,400,564
1,633,528
1,292,611
1,469,374
1,782,225
1,167,643
1,162,735
1,213,694
1,551,469
1,99,13
1,497,760
1,64,613
1,501,777
1,146,757
1,152,244
1,695,257
1,395,468
1,237,679
1,409,230
1,9,568
1,345,315
1,589,741
1,575,0
1,6,360
1,335,153
1,183,468
1,422,465
1,70,6
1,492,451
1,192,63
1,558,396
1,490,204
1,696,101
1,612,54
1,146,275
1,298,504
1,564,308
1,697,479
1,752,630
1,39,274
2,240,240
2,600,600
1,321,321
1,273,273
1,344,344
2,502,502
2,39,39
2,356,356
2,27,27
2,579,579
1,422,422
1,651,651
1,431,431
2,473,473
2,617,617
2,704,704
1,349,349
1,370,370
2,668,668
2,149,149
2,193,193
1,222,222
